0 28
0 1
16
0 1 123
0 10 32 34 116 104 111 117 103 104 116 34
0 2 58 32
1 21
0 1 32
0 1 44
0 7 32 34 108 101 102 116 34
0 2 58 32
1 23
0 1 32
0 1 44
0 9 32 34 117 110 117 115 101 100 34
0 2 58 32
1 5
0 1 32
0 1 125
1 1
1
0 1 57
2 4
1
1 24
1
1 9
1
1 17
1
1 16
3 1
1
0 2 49 51
4 1
1
0 1 49
5 1
5
0 1 91
1 8
0 2 44 32
1 8
0 1 93
6 1
1
0 1 50
7 1
1
0 2 49 49
8 1
1
1 10
9 1
1
0 1 43
10 14
1
1 22
1
1 4
1
1 11
1
1 7
1
1 14
1
1 3
1
1 6
1
1 19
1
1 15
1
1 26
1
1 13
1
1 27
1
1 12
1
1 1
11 1
1
0 2 49 48
12 1
1
0 1 56
13 1
1
0 1 54
14 1
1
0 2 49 50
15 1
1
0 1 52
16 1
1
0 1 47
17 1
1
0 1 45
18 1
1
1 2
19 1
1
0 1 51
20 1
1
0 1 64
21 1
11
0 1 91
1 8
0 2 44 32
1 18
0 2 44 32
1 8
0 2 44 32
1 25
0 2 44 32
1 20
0 1 93
22 1
1
0 1 48
23 1
7
0 1 91
1 20
0 2 44 32
1 8
0 2 44 32
1 8
0 1 93
24 1
1
0 1 42
25 1
1
0 1 61
26 1
1
0 1 53
27 1
1
0 1 55

